90179164
1960829694
555134941
83443466
997331048
331899763
248595226
268986474
656256995
1828743357
431825136
1005113772
818438877
1064246352
504417757
2053174163
2056594342
465252748
1142904497
1156733363
1423710067
227103282
175567933
1138690775
576578063
901364292
1364210321
1086933067
236594409
1343441610
457723378
797678553
1711033819
1761972058
237540001
1297317019
1213505933
633314569
2143016974
2054166918
2018007153
1444283845
1816631085
863883382
2117909471
1695311412
360267615
1157616071
1009801297
1282103873
215761130
2105604598
1625457898
566119923
186017887
1715372586
1039953671
1256162459
430370509
1560102676
53619934
348352712
894542054
1765427064
777235495
1010470480
74723788
880953754
1081407285
1911899769
119801127
2056802125
1527652570
879054183
1649698439
219545629
1982939893
450623703
1376499093
136928512
805295270
